   1 25
 21
  0 0.1                       D+01
  1 0.1                       D+01
  2 0.2                       D+01
  3 0.6                       D+01
  4 0.24                      D+02
  5 0.120                     D+03
  6 0.720                     D+03
  7 0.5040                    D+04
  8 0.40320                   D+05
  9 0.362880                  D+06
 10 0.3628800                 D+07
 11 0.39916800                D+08
 12 0.479001600               D+09
 13 0.6227020800              D+10
 14 0.87178291200             D+11
 15 0.1307674368000           D+13
 16 0.20922789888000          D+14
 17 0.355687428096000         D+15
 18 0.6402373705728000        D+16
 19 0.121645100408832000      D+18
 20 0.2432902008176640000     D+19
    1
    1 0.430331482911935209464364D+00    2 0.0
    2
    1 0.173369558798609233641776D+00    2-0.311473365763870114195559D-01
    3-0.284444444444444444444444D+00
    3
    1 0.924189858259152407735725D-01    2-0.259944703539421448206808D-01
    3-0.168635451341981992130105D+00    4 0.0
    4
    1 0.572051290644827811738884D-01    2-0.196443365285642394688601D-01
    3-0.108566000364829045869323D+00    4 0.908532876617429857095524D-02
    5 0.123839758125472411186696D+00
    5
    1 0.388344405559084319558896D-01    2-0.149446895041272168448843D-01
    3-0.750276832637148806959752D-01    4 0.107752495529048505442495D-01
    5 0.907317992824435824184735D-01    6 0.0
    6
    1 0.280673122045676245492089D-01    2-0.116281042958853773857668D-01
    3-0.547176638751460610596257D-01    4 0.102754656864181524333407D-01
    5 0.682606643980534673388740D-01    6-0.392149392568375740813861D-02
    7-0.726723603846480969358090D-01
    7
    1 0.212242402494661223049518D-01    2-0.925956286507559472714486D-02
    3-0.415787979229442698958409D-01    4 0.920834131314236691895958D-02
    5 0.528305178818968058880798D-01    6-0.541269215155540175764054D-02
    7-0.582783505361098720431629D-01    8 0.0
    8
    1 0.166078987499687299709270D-01    2-0.752801748235510054207620D-02
    3-0.326231975063684434225690D-01    4 0.808755127756999018965080D-02
    5 0.419348732911827060487610D-01    6-0.580168617147591929870852D-02
    7-0.472965307360725867002431D-01    8 0.208541145853801285173244D-02
    9 0.490673942380252218049952D-01
    9
    1 0.133479633099876277250703D-01    2-0.623109025461611708944829D-02
    3-0.262588686798720008746687D-01    4 0.706844952718457803020996D-02
    5 0.340146319406367072934027D-01    6-0.569874506670137890877712D-02
    7-0.389338045980653278037233D-01    8 0.313044943380661379877079D-02
    9 0.413606807773372293664138D-01   10 0.0
   10
    1 0.109610164947574974489012D-01    2-0.523772715547696913182987D-02
    3-0.215802443139234027230467D-01    4 0.618608879263416621963808D-02
    5 0.281024893908651899578084D-01    6-0.538701009780452008799811D-02
    7-0.324986961455695735994665D-01    8 0.359740156000228401907436D-02
    9 0.350900681597072623465933D-01   10-0.125855969314018266627622D-02
   11-0.359496539841035035667777D-01
   11
    1 0.916118500984259342732913D-02    2-0.446156946116653856560275D-02
    3-0.180433895012341224780512D-01    4 0.543558697558572011627448D-02
    5 0.235848357982040087344786D-01    6-0.499969425512873015960184D-02
    7-0.274768840016123700895891D-01    8 0.374478059327515279146905D-02
    9 0.300148297917771379431858D-01   10-0.199235289566752626716943D-02
   11-0.312746993456720435873004D-01   12 0.0
   12
    1 0.777066476527375659339239D-02    2-0.384438231305951789017157D-02
    3-0.153063784600568099975704D-01    4 0.480041084876724753856037D-02
    5 0.200614806382499663732955D-01    6-0.459950902741442974148218D-02
    7-0.235004666897280112290013D-01    8 0.371720190924908872704105D-02
    9 0.258927584754494286752100D-01   10-0.239735332593166960788013D-02
   11-0.273143528831612470080973D-01   12 0.826533283616460638900209D-03
   13 0.277867855574914738555685D-01
   13
    1 0.667417616709042316980954D-02    2-0.334595954641219016565206D-02
    3-0.131458639885256430470962D-01    4 0.426237668349051721152651D-02
    5 0.172641109599296685989171D-01    6-0.421518490055725453482610D-02
    7-0.203075575240516476751178D-01    8 0.359633836574305443489228D-02
    9 0.225211872918219360270897D-01   10-0.259700917681989331806930D-02
   11-0.239790651849861224290440D-01   12 0.135722826867310638293246D-02
   13 0.247047474475972896087705D-01   14 0.0
   14
    1 0.579432977183387104057798D-02    2-0.293791583051057392529816D-02
    3-0.114111055256026899949020D-01    4 0.380496846253899983051381D-02
    5 0.150081365268316043032293D-01    6-0.385880034113288649360257D-02
    7-0.177103397001867776480799D-01    8 0.342873908857362803322011D-02
    9 0.197402880600986169416398D-01   10-0.266876900131492807225171D-02
   11-0.211689943268103815330670D-01   12 0.168723038748694955747143D-02
   13 0.220210779255104277912224D-01   14-0.576586035119372823377181D-03
   15-0.223045189243929740145281D-01
   15
    1 0.507761161770320496437530D-02    2-0.259979536705119798261881D-02
    3-0.999746133812866901686667D-02    4 0.341418238024736784599358D-02
    5 0.131635511280795226232626D-01    6-0.353424378409118370574350D-02
    7-0.155724715835693658558736D-01    8 0.324104999157260736489344D-02
    9 0.174265738266021536346068D-01   10-0.266144318450877698027951D-02
   11-0.187932302429852414799978D-01   12 0.188145166065433913668033D-02
   13 0.196974104536882410526342D-01   14-0.972452035892318294105719D-03
   15-0.201481207680697124248066D-01   16 0.0
   16
    1 0.448606215231395714988678D-02    2-0.231657856426435919551271D-02
    3-0.883049200805605184048961D-02    4 0.307848393303631768639739D-02
    5 0.116368333077932011528194D-01    6-0.324144052820631775574048D-02
    7-0.137936129551408235823919D-01    8 0.304846352727742501110811D-02
    9 0.154850927755032110970323D-01   10-0.260600456026859865249227D-02
   11-0.167747632490772303719784D-01   12 0.198391532488588567648719D-02
   13 0.176874315313618100783294D-01   14-0.123859245975387015231635D-02
   15-0.182327922561070339702168D-01   16 0.420841455445774057181193D-03
   17 0.184143051465134072238336D-01
   17
    1 0.399215136746732018989226D-02    2-0.207704883743510269217244D-02
    3-0.785609582107753568137406D-02    4 0.278848571888441036733605D-02
    5 0.103594134220321131923468D-01    6-0.297849544311943229695085D-02
    7-0.122988854129540513710066D-01    8 0.285949479591284018101922D-02
    9 0.138426608504604555938411D-01   10-0.252223066446892071232000D-02
   11-0.150503237717188148428509D-01   12 0.202451814396743603888197D-02
   13 0.159461661063283376030258D-01   14-0.141183981742514017347452D-02
   15-0.165402971773240113883243D-01   16 0.724386493634702702675927D-03
   17 0.168367025914545036188116D-01   18 0.0
   18
    1 0.357552058682986719270640D-02    2-0.187270000974178433105399D-02
    3-0.703420077612971654308737D-02    4 0.253657589467068549197471D-02
    5 0.928014622882212441569162D-02    6-0.274278398274454949923444D-02
    7-0.110316537908566363381999D-01    8 0.267873000107133816882234D-02
    9 0.124425427362923281323694D-01   10-0.242280168108019675676323D-02
   11-0.135685963070100920576376D-01   12 0.202364929932286714363455D-02
   13 0.144333603975456944961702D-01   14-0.151862227516014912975546D-02
   15-0.150471412893051193559149D-01   16 0.940101606439724227556903D-03
   17 0.154143159801935833940985D-01   18-0.318159325461822687273065D-03
   19-0.155365665873962919282188D-01
   19
    1 0.322085258229624301694424D-02    2-0.169699079069111088490312D-02
    3-0.633462247885535921182938D-02    4 0.231657821221349300132933D-02
    5 0.836028747734778306925745D-02    6-0.253150214569827650512871D-02
    7-0.994853103643393643505127D-02    8 0.250843405914438251409750D-02
    9 0.112404267892606088641423D-01   10-0.231585185335315127517818D-02
   11-0.122881363381412326528999D-01   12 0.199528307799730653554516D-02
   13 0.131143184126873520636191D-01   14-0.157789194561482794542891D-02
   15-0.137293082887862991392853D-01   16 0.109019854431254788724477D-02
   17 0.141377607090837741054262D-01   18-0.556493702550239220721238D-03
   19-0.143416408996797667791840D-01   20 0.0
   20
    1 0.291644464860572578363048D-02    2-0.154482667882754672923926D-02
    3-0.573427930462393363695517D-02    4 0.212346601779441703387500D-02
    5 0.757007239996416445319668D-02    6-0.234193451873002681993431D-02
    7-0.901587900463251900752031D-02    8 0.234950404784695729405625D-02
    9 0.102014227237387785321131D-01   10-0.220657614572530091278233D-02
   11-0.111754599611376451598355D-01   12 0.194904060914751274731101D-02
   13 0.119596852883793520970394D-01   14-0.160327064140131018012944D-02
   15-0.125643374073678025249343D-01   16 0.119130867807233689220363D-02
   17 0.129942526183673717188508D-01   18-0.733066961612389394184639D-03
   19-0.132516194268874796712380D-01   20 0.247387903647973579401398D-03
   21 0.133373302307627278100289D-01
   21
    1 0.265323150062317354285685D-02    2-0.141219377533847919408784D-02
    3-0.521528012051594963282722D-02    4 0.195313053044052478977459D-02
    5 0.688634125872454331277186D-02    6-0.217157473830057091182547D-02
    7-0.820732530890971035858628D-02    8 0.220204089013836461531720D-02
    9 0.929782996931523269276385D-02   10-0.209825401517718416258261D-02
   11-0.102034374865164410203349D-01   12 0.189156811259563060281228D-02
   13 0.109448460936363317944565D-01   14-0.160458295009163066448312D-02
   15-0.115321069645445353185966D-01   16 0.125586399310861356746574D-02
   17 0.119701583419408359941406D-01   18-0.861953873882999113908843D-03
   19-0.122613606730609202028297D-01   20 0.438345535702394054674654D-03
   21 0.124067671061984638635690D-01   22 0.0
   22
    1 0.242410296159771144414024D-02    2-0.129589590336614310780638D-02
    3-0.476358597192121688359081D-02    4 0.180219638657166654907885D-02
    5 0.629086301712996423396854D-02    6-0.201816916749128279643455D-02
    7-0.750197834133502835846311D-02    8 0.206569469483386680052941D-02
    9 0.850747545014392876895859D-02   10-0.199290924262770664952541D-02
   11-0.934999421566996851032218D-02   12 0.182746392510031110704714D-02
   13 0.100492349582007690494281D-01   14-0.158894116105581428517069D-02
   15-0.106149977385998645933307D-01   16 0.129316599926570349658121D-02
   17 0.110522584915645332192408D-01   18-0.954050005571215075540893D-03
   19-0.113635045106098829493965D-01   20 0.584487235656014693057656D-03
   21 0.115499203453692483320000D-01   22-0.196830707306853886276391D-03
   23-0.116120129997574811961209D-01
   23
    1 0.222341902389582294604997D-02    2-0.119336315906842253433427D-02
    3-0.436805721551994221268081D-02    4 0.166787593494972093275080D-02
    5 0.576913310348345070443673D-02    6-0.187972151756097869826267D-02
    7-0.688312799895311826506568D-02    8 0.193987405148673341921894D-02
    9 0.781246929733467510740496D-02   10-0.189173968745954930013231D-02
   11-0.859707885673044819621499D-02   12 0.175990683674050338562523D-02
   13 0.925567786834357156440928D-02   14-0.156151165482170741478102D-02
   15-0.979777282787169236624686D-02   16 0.131018956928835152724031D-02
   17 0.102283267338211748559007D-01   18-0.101777020390816026169283D-02
   19-0.105499145922707649107133D-01   20 0.695104368577114948020543D-03
   21 0.107638272487661535989609D-01   22-0.352504854922175301991265D-03
   23-0.108706675787417675086393D-01   24 0.0
   24
    1 0.204665963639514210908128D-02    2-0.110251062372487985051270D-02
    3-0.401976440211104305892187D-02    4 0.154785439876405006557504D-02
    5 0.530949861986940602395415D-02    6-0.175447861670826987683979D-02
    7-0.633728855224808577699130D-02    8 0.182387261852913691429121D-02
    9 0.719826730195813226340019D-02   10-0.179539980457124954495798D-02
   11-0.792985112528907714980468D-02   12 0.169108549198425092147917D-02
   13 0.854981393522291905203144D-02   14-0.152605748519463646572697D-02
   15-0.906734223076546669285042D-02   16 0.131217952698483972172002D-02
   17 0.948734707614157791612827D-02   18-0.105961345278891329819599D-02
   19-0.981245792019818117557539D-02   20 0.777584192570993656063617D-03
   21 0.100440494226695676013533D-01   22-0.474788893606344907818411D-03
   23-0.101828046762238242858526D-01   24 0.159631533598449394608078D-03
   25 0.102290280574830128886358D-01
   25
    1 0.189016808351792505082484D-02    2-0.102163280840412046471956D-02
    3-0.371148274632995771628514D-02    4 0.144019928440473443748228D-02
    5 0.490251327195252961647254D-02    6-0.164090810543097546763699D-02
    7-0.585348549317383879989448D-02    8 0.171694498540339606139830D-02
    9 0.665295930563330973134853D-02   10-0.170418783972751721293427D-02
   11-0.733604360001499777772242D-02   12 0.162249425771370230723871D-02
   13 0.791960479988923685380865D-02   14-0.148532419584956567655591D-02
   15-0.841249493466998064471574D-02   16 0.130309114384701984653112D-02
   17 0.881954378798682543593439D-02   18-0.108460563180277800990544D-02
   19-0.914340754224598462406141D-02   20 0.837784358605842867021932D-03
   21 0.938552453700419107389527D-02   22-0.570030792727197325351316D-03
   23-0.954664488492700646116792D-02   24 0.288453527114638836016371D-03
   25 0.962713267551606300959341D-02   26 0.0
     1   25
    1
    1 0.0                       D+00
    2
    1 0.577350269189625764509149D+00
    3
    1 0.774596669241483377035853D+00
    4
    1 0.861136311594052575223952D+00    2 0.339981043584856264802666D+00
    5
    1 0.906179845938663992797627D+00    2 0.538469310105683091036315D+00
    6
    1 0.932469514203152027812302D+00    2 0.661209386466264513661400D+00
    3 0.238619186083196908630502D+00
    7
    1 0.949107912342758524526190D+00    2 0.741531185599394439863865D+00
    3 0.405845151377397166906606D+00
    8
    1 0.960289856497536231683561D+00    2 0.796666477413626739591554D+00
    3 0.525532409916328985817739D+00    4 0.183434642495649804939476D+00
    9
    1 0.968160239507626089835576D+00    2 0.836031107326635794299430D+00
    3 0.613371432700590397308702D+00    4 0.324253423403808929038538D+00
   10
    1 0.973906528517171720077964D+00    2 0.865063366688984510732097D+00
    3 0.679409568299024406234327D+00    4 0.433395394129247190799266D+00
    5 0.148874338981631210884826D+00
   11
    1 0.978228658146056992803938D+00    2 0.887062599768095299075158D+00
    3 0.730152005574049324093416D+00    4 0.519096129206811815925726D+00
    5 0.269543155952344972331532D+00
   12
    1 0.981560634246719250690549D+00    2 0.904117256370474856678466D+00
    3 0.769902674194304687036894D+00    4 0.587317954286617447296702D+00
    5 0.367831498998180193752692D+00    6 0.125233408511468915472441D+00
   13
    1 0.984183054718588149472830D+00    2 0.917598399222977965206548D+00
    3 0.801578090733309912794206D+00    4 0.642349339440340220643985D+00
    5 0.448492751036446852877913D+00    6 0.230458315955134794065528D+00
   14
    1 0.986283808696812338841597D+00    2 0.928434883663573517336391D+00
    3 0.827201315069764993189795D+00    4 0.687292904811685470148020D+00
    5 0.515248636358154091965291D+00    6 0.319112368927889760435672D+00
    7 0.108054948707343662066245D+00
   15
    1 0.987992518020485428489566D+00    2 0.937273392400705904307759D+00
    3 0.848206583410427216200648D+00    4 0.724417731360170047416186D+00
    5 0.570972172608538847537227D+00    6 0.394151347077563369897207D+00
    7 0.201194093997434522300628D+00
   16
    1 0.989400934991649932596154D+00    2 0.944575023073232576077988D+00
    3 0.865631202387831743880468D+00    4 0.755404408355003033895101D+00
    5 0.617876244402643748446672D+00    6 0.458016777657227386342419D+00
    7 0.281603550779258913230460D+00    8 0.950125098376374401853194D-01
   17
    1 0.990575475314417335675434D+00    2 0.950675521768767761222717D+00
    3 0.880239153726985902122956D+00    4 0.781514003896801406925230D+00
    5 0.657671159216690765850302D+00    6 0.512690537086476967886247D+00
    7 0.351231763453876315297186D+00    8 0.178484181495847855850678D+00
   18
    1 0.991565168420930946730016D+00    2 0.955823949571397755181196D+00
    3 0.892602466497555739206061D+00    4 0.803704958972523115682417D+00
    5 0.691687043060353207874891D+00    6 0.559770831073947534607872D+00
    7 0.411751161462842646035932D+00    8 0.251886225691505509588973D+00
    9 0.847750130417353012422618D-01
   19
    1 0.992406843843584403189018D+00    2 0.960208152134830030852779D+00
    3 0.903155903614817901642661D+00    4 0.822714656537142824978923D+00
    5 0.720966177335229378617096D+00    6 0.600545304661681023469638D+00
    7 0.464570741375960945717267D+00    8 0.316564099963629831990117D+00
    9 0.160358645640225375868096D+00
   20
    1 0.993128599185094924786122D+00    2 0.963971927277913791267666D+00
    3 0.912234428251325905867752D+00    4 0.839116971822218823394529D+00
    5 0.746331906460150792614305D+00    6 0.636053680726515025452837D+00
    7 0.510867001950827098004364D+00    8 0.373706088715419560672548D+00
    9 0.227785851141645078080496D+00   10 0.765265211334973337546404D-01
   21
    1 0.993752170620389500260242D+00    2 0.967226838566306294316622D+00
    3 0.920099334150400828790187D+00    4 0.853363364583317283647251D+00
    5 0.768439963475677908615878D+00    6 0.667138804197412319305967D+00
    7 0.551618835887219807059019D+00    8 0.424342120207438783573669D+00
    9 0.288021316802401096600793D+00   10 0.145561854160895090937031D+00
   22
    1 0.994294585482399292073031D+00    2 0.970060497835428727123951D+00
    3 0.926956772187174000520693D+00    4 0.865812577720300136536426D+00
    5 0.787816805979208162004278D+00    6 0.694487263186682780050690D+00
    7 0.587640403506911592958877D+00    8 0.469355837986757026406331D+00
    9 0.341935820892084225158147D+00   10 0.207860426688221285478847D+00
   11 0.697392733197222212138418D-01
   23
    1 0.994769334997552123523926D+00    2 0.972542471218115231956024D+00
    3 0.932971086826016102349197D+00    4 0.876752358270441667378157D+00
    5 0.804888401618839892151118D+00    6 0.718661363131950194461624D+00
    7 0.619609875763646156385097D+00    8 0.509501477846007549689793D+00
    9 0.390301038030290831421489D+00   10 0.264135680970344930533870D+00
   11 0.133256824298466110931743D+00
   24
    1 0.995187219997021360179997D+00    2 0.974728555971309498198392D+00
    3 0.938274552002732758523649D+00    4 0.886415527004401034213154D+00
    5 0.820001985973902921953950D+00    6 0.740124191578554364243828D+00
    7 0.648093651936975569252496D+00    8 0.545421471388839535658376D+00
    9 0.433793507626045138487084D+00   10 0.315042679696163374386793D+00
   11 0.191118867473616309158640D+00   12 0.640568928626056260850431D-01
   25
    1 0.995556969790498097908785D+00    2 0.976663921459517511498315D+00
    3 0.942974571228974339414011D+00    4 0.894991997878275368851042D+00
    5 0.833442628760834001421021D+00    6 0.759259263037357630577283D+00
    7 0.673566368473468364485121D+00    8 0.577662930241222967723690D+00
    9 0.473002731445714960522182D+00   10 0.361172305809387837735822D+00
   11 0.243866883720988432045190D+00   12 0.122864692610710396387360D+00
   26
    1 0.995885701145616929003217D+00    2 0.978385445956470991100580D+00
    3 0.947159066661714250135915D+00    4 0.902637861984307074217666D+00
    5 0.845445942788498018797507D+00    6 0.776385948820678856192967D+00
    7 0.696427260419957264863814D+00    8 0.606692293017618063231979D+00
    9 0.508440714824505717695703D+00   10 0.403051755123486306481077D+00
   11 0.292004839485956895142835D+00   12 0.176858820356890183969058D+00
   13 0.592300934293132070937186D-01
   27
    1 0.996179262888988566938887D+00    2 0.979923475961501222855873D+00
    3 0.950900557814705006851908D+00    4 0.909482320677491104300645D+00
    5 0.856207908018294490302737D+00    6 0.791771639070508227144397D+00
    7 0.717013473739423699294816D+00    8 0.632907971946495140927735D+00
    9 0.540551564579456894900301D+00   10 0.441148251750026880585974D+00
   11 0.335993903638508899730319D+00   12 0.226459365439536858857239D+00
   13 0.113972585609529966932895D+00
   28
    1 0.996442497573954449950436D+00    2 0.981303165370872753694560D+00
    3 0.954259280628938197254102D+00    4 0.915633026392132073869689D+00
    5 0.865892522574395048942255D+00    6 0.805641370917179171447886D+00
    7 0.735610878013631772028145D+00    8 0.656651094038864961219898D+00
    9 0.569720471811401719308003D+00   10 0.475874224955118261034412D+00
   11 0.376251516089078710221357D+00   12 0.272061627635178077676826D+00
   13 0.164569282133380771281472D+00   14 0.550792898840342704265166D-01
   29
    1 0.996679442260596586163191D+00    2 0.982545505261413174870926D+00
    3 0.957285595778087725798208D+00    4 0.921180232953058785093753D+00
    5 0.874637804920102790417793D+00    6 0.818185487615252444989572D+00
    7 0.752462851734477133912610D+00    8 0.678214537602686515156185D+00
    9 0.596281797138227820379586D+00   10 0.507592955124227642102628D+00
   11 0.413152888174008663890707D+00   12 0.314031637867639934948196D+00
   13 0.211352286166001074506376D+00   14 0.106278230132679230170982D+00
   30
    1 0.996893484074649540271630D+00    2 0.983668123279747209970033D+00
    3 0.960021864968307512216871D+00    4 0.926200047429274325879324D+00
    5 0.882560535792052681543116D+00    6 0.829565762382768397442898D+00
    7 0.767777432104826194917977D+00    8 0.697850494793315796932292D+00
    9 0.620526182989242861140478D+00   10 0.536624148142019899264170D+00
   11 0.447033769538089176780610D+00   12 0.352704725530878113471037D+00
   13 0.254636926167889846439805D+00   14 0.153869913608583546963795D+00
   15 0.514718425553176958330252D-01
   31
    1 0.997087481819477074055627D+00    2 0.984685909665152484002465D+00
    3 0.962503925092949661789052D+00    4 0.930756997896648164956946D+00
    5 0.889760029948271043374192D+00    6 0.839920320146267340086905D+00
    7 0.781733148416624940406360D+00    8 0.715776784586853283905971D+00
    9 0.642706722924260346184418D+00   10 0.563249161407149262720945D+00
   11 0.478193782044902480440594D+00   12 0.388385901608232943061351D+00
   13 0.294718069981701616617904D+00   14 0.198121199335570628772413D+00
   15 0.995553121523415203251748D-01
   32
    1 0.997263861849481563544981D+00    2 0.985611511545268335400175D+00
    3 0.964762255587506430773812D+00    4 0.934906075937739689170919D+00
    5 0.896321155766052123965307D+00    6 0.849367613732569970133693D+00
    7 0.794483795967942406963097D+00    8 0.732182118740289680387427D+00
    9 0.663044266930215200975115D+00   10 0.587715757240762329040745D+00
   11 0.506899908932229390023748D+00   12 0.421351276130635345364119D+00
   13 0.331868602282127649779917D+00   14 0.239287362252137074544603D+00
   15 0.144471961582796493485186D+00   16 0.483076656877383162348126D-01
   33
    1 0.997424694246455217266168D+00    2 0.986455726230642488110376D+00
    3 0.966822909689992768928378D+00    4 0.938694372611168350355835D+00
    5 0.902316767743433583040531D+00    6 0.858009652676504064643062D+00
    7 0.806162356274166589796201D+00    8 0.747230496449562157859055D+00
    9 0.681731959969742786268216D+00   10 0.610242345836379027307288D+00
   11 0.533389904786347643548894D+00   12 0.451850017272450695725993D+00
   13 0.366339257748073341070221D+00   14 0.277609097152497029403248D+00
   15 0.186439298827991572335799D+00   16 0.936310658547333856707429D-01
   34
    1 0.997571753790841919243372D+00    2 0.987227816406309485049750D+00
    3 0.968708262533344281764647D+00    4 0.942162397405107091631676D+00
    5 0.907809677718324468800900D+00    6 0.865934638334564469263572D+00
    7 0.816884227900933664591579D+00    8 0.761064876629873014187409D+00
    9 0.698939113216262907933000D+00   10 0.631021727080528545317776D+00
   11 0.557875500669746642736460D+00   12 0.480106545190327034194103D+00
   13 0.398359277758645940631495D+00   14 0.313311081339463247458317D+00
   15 0.225666691616449483868641D+00   16 0.136152357259182975894429D+00
   17 0.455098219531025427490757D-01
   35
    1 0.997706569099600297260163D+00    2 0.987935764443851498035117D+00
    3 0.970437616039229833215071D+00    4 0.945345148207827329538726D+00
    5 0.912854261359317614464937D+00    6 0.873219125025222331523282D+00
    7 0.826749899092225406834051D+00    8 0.773810252286912555267423D+00
    9 0.714814501556628783264409D+00   10 0.650224364665890388675793D+00
   11 0.580545344749764509934502D+00   12 0.506322773241488615024298D+00
   13 0.428137541517814254187621D+00   14 0.346601554430813945876980D+00
   15 0.262352941209296057970895D+00   16 0.176051061165989569974304D+00
   17 0.883713432756592636009294D-01
   36
    1 0.997830462484085836198828D+00    2 0.988586478902212238073395D+00
    3 0.972027691049697949335605D+00    4 0.948272984399507545202474D+00
    5 0.917497774515659066075867D+00    6 0.879929800890397131982427D+00
    7 0.835847166992475306418821D+00    8 0.785576230132206512827769D+00
    9 0.729489171593556582090260D+00   10 0.668001236585521062097191D+00
   11 0.601567658135980535079945D+00   12 0.530680285926245161640709D+00
   13 0.455863944433420267207218D+00   14 0.377672547119689216322736D+00
   15 0.296684995344028270503239D+00   16 0.213500892316865578943226D+00
   17 0.128736103809384788651993D+00   18 0.430181984737086072269690D-01
   37
    1 0.997944582477913648940803D+00    2 0.989185963214319186684099D+00
    3 0.973493030056485744328891D+00    4 0.950972343262094821328576D+00
    5 0.921781437412463742668144D+00    6 0.886124962155486078946150D+00
    7 0.844252987340555967987456D+00    8 0.796459200509902293393046D+00
    9 0.743078833981965262547047D+00   10 0.684486309130959357445523D+00
   11 0.621092608408924483148153D+00   12 0.553342391861581781235098D+00
   13 0.481710877803205554147193D+00   14 0.406700509318326110100932D+00
   15 0.328837429883706999498472D+00   16 0.248667792791365758805568D+00
   17 0.166753930239851976968672D+00   18 0.836704089547699019430483D-01
   38
    1 0.998049930535687619812847D+00    2 0.989739454266385571944426D+00
    3 0.974846328590153507640885D+00    4 0.953466330933529595670542D+00
    5 0.925741332048584396825110D+00    6 0.891855739004632216794937D+00
    7 0.852035021932362188859650D+00    8 0.806544167605316815551565D+00
    9 0.755685903753970680737738D+00   10 0.699798680379184355912826D+00
   11 0.639254415829681707180345D+00   12 0.574456021047807081132928D+00
   13 0.505834717927931103240534D+00   14 0.433847169432376484373256D+00
   15 0.358972440479435013256718D+00   16 0.281708809790165261360114D+00
   17 0.202570453892116703203978D+00   18 0.122084025337867419869612D+00
   19 0.407851479045782399133164D-01
   39
    1 0.998147383066432906005472D+00    2 0.990251536854685983639775D+00
    3 0.976098709333471053844850D+00    4 0.955775212324652277110892D+00
    5 0.929409148486738229697817D+00    6 0.897167119292992887848291D+00
    7 0.859252937999906153913797D+00    8 0.815906297430143104353233D+00
    9 0.767401242931063499832272D+00   10 0.714044435894534679133867D+00
   11 0.656173213432010910734426D+00   12 0.594153454957277988692890D+00
   13 0.528377268660437473896344D+00   14 0.459260512309136048663247D+00
   15 0.387240163971561455853882D+00   16 0.312771559248185922535997D+00
   17 0.236325512461835767336006D+00   18 0.158385339997837799922701D+00
   19 0.794438046087554775819171D-01
   40
    1 0.998237709710559200349623D+00    2 0.990726238699457006453054D+00
    3 0.977259949983774262663370D+00    4 0.957916819213791655804541D+00
    5 0.932812808278676533360852D+00    6 0.902098806968874296728253D+00
    7 0.865959503212259503820782D+00    8 0.824612230833311663196320D+00
    9 0.778305651426519387694972D+00   10 0.727318255189927103280996D+00
   11 0.671956684614179548379354D+00   12 0.612553889667980237952612D+00
   13 0.549467125095128202075931D+00   14 0.483075801686178712908567D+00
   15 0.413779204371605001524880D+00   16 0.341994090825758473007492D+00
   17 0.268152185007253681141184D+00   18 0.192697580701371099715517D+00
   19 0.116084070675255208483451D+00   20 0.387724175060508219332006D-01
   41
    1 0.998321588574771441519189D+00    2 0.991167109699016308250159D+00
    3 0.978338673561083384469171D+00    4 0.959906891730346226099442D+00
    5 0.935976987497853825682318D+00    6 0.906685944758101172958340D+00
    7 0.872201511692441408833671D+00    8 0.832721200401361331244273D+00
    9 0.788471145047409372736222D+00   10 0.739704803069926181060169D+00
   11 0.686701502034951289584604D+00   12 0.629764839072196320488649D+00
   13 0.569220941610215869654747D+00   14 0.505416599199406032708336D+00
   15 0.438717277051407088517120D+00   16 0.369505022640481441428367D+00
   17 0.298176277341824865922983D+00   18 0.225139605633422775605786D+00
   19 0.150813354863992163574378D+00   20 0.756232589891629969237662D-01
   42
    1 0.998399618990062415022868D+00    2 0.991577288340860919792361D+00
    3 0.979342508063748193708983D+00    4 0.961759365338204488746927D+00
    5 0.938923557354988178533173D+00    6 0.910959724904127452583848D+00
    7 0.878020569812172742711985D+00    8 0.840285983261816900925440D+00
    9 0.797962053255487413232706D+00   10 0.751279935689480489568472D+00
   11 0.700494590556171213741570D+00   12 0.645883388869247833957496D+00
   13 0.587744597485109322840711D+00   14 0.526395749931192287592868D+00
   15 0.462171912070421929759075D+00   16 0.395423852042975057677094D+00
   17 0.326516124465411512197157D+00   18 0.255825079342879083966415D+00
   19 0.183736806564854550852756D+00   20 0.110645027208519868349123D+00
   21 0.369489431653517758131000D-01
   43
    1 0.998472332242507713517636D+00    2 0.991959557593244146420718D+00
    3 0.980278220980255331505529D+00    4 0.963486613014079993410195D+00
    5 0.941671956847637861818477D+00    6 0.914947907206138729456103D+00
    7 0.883453765218616863337678D+00    8 0.847353716209315048999086D+00
    9 0.806835964136938635279075D+00   10 0.762111747194955121460328D+00
   11 0.713414235268957054851921D+00   12 0.660997313751498133165135D+00
   13 0.605134259639600935725083D+00   14 0.546116316660084719140405D+00
   15 0.484251176785734724069633D+00   16 0.419861376029269252487279D+00
   17 0.353282612864303806645476D+00   18 0.284861998032913627105723D+00
   19 0.214956244860518209014878D+00   20 0.143929809510713310770300D+00
   21 0.721529908745862354223272D-01
   44
    1 0.998540200636774224936057D+00    2 0.992316392138515808483338D+00
    3 0.981151833077913966662749D+00    4 0.965099650422493139394398D+00
    5 0.944239509118194099203255D+00    6 0.918675259984175774323001D+00
    7 0.888534238286043202338368D+00    8 0.853966595004710378728302D+00
    9 0.815144539645135010487438D+00   10 0.772261479248755899017759D+00
   11 0.725531053660717002606965D+00   12 0.675186070666122365333699D+00
   13 0.621477345903575847802425D+00   14 0.564672453185470768424637D+00
   15 0.505054391388202317982798D+00   16 0.442920174525411483834827D+00
   17 0.378579352014707132511765D+00   18 0.312352466502785812236545D+00
   19 0.244569456928201251507302D+00   20 0.175568014775516785746508D+00
   21 0.105691901708653247117306D+00   22 0.352892369641353590581990D-01
   45
    1 0.998603645181936638156548D+00    2 0.992649998447203741748617D+00
    3 0.981968715034540568239318D+00    4 0.966608310396894604736425D+00
    5 0.946641690995629061784721D+00    6 0.922163936719000388097467D+00
    7 0.893291671753241738464649D+00    8 0.860162475960664225339079D+00
    9 0.822934220502086337035775D+00   10 0.781784312593906291312363D+00
   11 0.736908848945490352623739D+00   12 0.688521680771200525232020D+00
   13 0.636853394453223359271224D+00   14 0.582150212569353186680967D+00
   15 0.524672820462916067091134D+00   16 0.464695123919635098579602D+00
   17 0.402502943858541914077975D+00   18 0.338392654250602161643404D+00
   19 0.272669769752377560608765D+00   20 0.205647489783263745719787D+00
   21 0.137645205983253028756590D+00   22 0.689869801631441724904146D-01
   46
    1 0.998663042133817981128268D+00    2 0.992962348906174364073095D+00
    3 0.982733669804166863477980D+00    4 0.968021391853991942737748D+00
    5 0.948892363446089795622214D+00    6 0.925433798806753950977491D+00
    7 0.897752711533941965701320D+00    8 0.865975394866858062915889D+00
    9 0.830246837066066053032385D+00   10 0.790730057075274255189144D+00
   11 0.747605359615666054000336D+00   12 0.701069512020405697512122D+00
   13 0.651334846201997715106477D+00   14 0.598628289712715153177173D+00
   15 0.543190330261802635270963D+00   16 0.485273918388164662772320D+00
   17 0.425143313282828397322147D+00   18 0.363072877020995710123707D+00
   19 0.299345822701870015483439D+00   20 0.234252922206269768626056D+00
   21 0.168091179467103528606797D+00   22 0.101162475305584239515860D+00
   23 0.337721900160520415195592D-01
   47
    1 0.998718728584212109183948D+00    2 0.993255210987768634692190D+00
    3 0.983451003071623708764901D+00    4 0.969346787326564497145744D+00
    5 0.951003969257708442589803D+00    6 0.928502693012360648197185D+00
    7 0.901941329438525356867171D+00    8 0.871436015796896316940985D+00
    9 0.837120139899902121277599D+00   10 0.799143754167741942915562D+00
   11 0.757672918445438633573997D+00   12 0.712888973409064301661879D+00
   13 0.664987747390332729136703D+00   14 0.614178699956373608595463D+00
   15 0.560684005934664194483058D+00   16 0.504737583863577919774289D+00
   17 0.446584073104855702725182D+00   18 0.386477764084667139583302D+00
   19 0.324681486337735902210761D+00   20 0.261465459214974570306983D+00
   21 0.197106110279111807961491D+00   22 0.131884866554514897053824D+00
   23 0.660869239163556751604738D-01
   48
    1 0.998771007252426118600542D+00    2 0.993530172266350757547929D+00
    3 0.984124583722826857744584D+00    4 0.970591592546247250461412D+00
    5 0.952987703160430860722961D+00    6 0.931386690706554333114174D+00
    7 0.905879136715569672822075D+00    8 0.876572020274247885905694D+00
    9 0.843588261624393530711090D+00   10 0.807066204029442627082553D+00
   11 0.767159032515740339253855D+00   12 0.724034130923814654674482D+00
   13 0.677872379632663905211851D+00   14 0.628867396776513623995165D+00
   15 0.577224726083972703817809D+00   16 0.523160974722233033678226D+00
   17 0.466902904750958404544929D+00   18 0.408686481990716729916225D+00
   19 0.348755886292160738159818D+00   20 0.287362487355455576735886D+00
   21 0.224763790394689061224865D+00   22 0.161222356068891718056437D+00
   23 0.970046992094626989300539D-01   24 0.323801709628693620333230D-01
   49
    1 0.998820150606635379361831D+00    2 0.993788661944167790760114D+00
    3 0.984757895914213004359299D+00    4 0.971762200901555380139972D+00
    5 0.954853658674137233555244D+00    6 0.934100294755810149058982D+00
    7 0.909585655828073285213020D+00    8 0.881408445573008910037032D+00
    9 0.849682119844165701034882D+00   10 0.814534427359855431539501D+00
   11 0.776106894345446635018143D+00   12 0.734554254237402696213674D+00
   13 0.690043824425132113504752D+00   14 0.642754832419237664056857D+00
   15 0.592877694108900712455864D+00   16 0.540613246991726066558225D+00
   17 0.486171941452492042176976D+00   18 0.429772993341576524658584D+00
   19 0.371643501262284888863735D+00   20 0.312017532119748762207861D+00
   21 0.251135178612577273507156D+00   22 0.189241592461813586485310D+00
   23 0.126585997269672051067985D+00   24 0.634206849826867860288435D-01
   50
    1 0.998866404420071050185459D+00    2 0.994031969432090712585108D+00
    3 0.985354084048005882309010D+00    4 0.972864385106692073713344D+00
    5 0.956610955242807942997746D+00    6 0.936656618944877933780875D+00
    7 0.913078556655791893089736D+00    8 0.885967979523613048637541D+00
    9 0.855429769429946084611363D+00   10 0.821582070859335948356254D+00
   11 0.784555832900399263905305D+00   12 0.744494302226068538260536D+00
   13 0.701552468706822251089546D+00   14 0.655896465685439360781625D+00
   15 0.607702927184950239180382D+00   16 0.557158304514650054315523D+00
   17 0.504458144907464201651459D+00   18 0.449806334974038789147131D+00
   19 0.393414311897565127394229D+00   20 0.335500245419437356836988D+00
   21 0.276288193779531990327645D+00   22 0.216007236876041756847285D+00
   23 0.154890589998145902071629D+00   24 0.931747015600861408544504D-01
   25 0.310983383271888761123295D-01
   51
    1 0.998909990848903495168996D+00    2 0.994261260436752574621085D+00
    3 0.985915991735902996583886D+00    4 0.973903368019323867231756D+00
    5 0.958267848613908194557707D+00    6 0.939067544002962383435368D+00
    7 0.916373862309780230823571D+00    8 0.890271218029527303277795D+00
    9 0.860856711182292371473496D+00   10 0.828239763823064832854818D+00
   11 0.792541712099381205234411D+00   12 0.753895354485375525763960D+00
   13 0.712444457577036644580525D+00   14 0.668343221175370086864460D+00
   15 0.621755704600723273755043D+00   16 0.572855216351303836522395D+00
   17 0.521823669366185842514088D+00   18 0.468850904286041063610457D+00
   19 0.414133983226303877936872D+00   20 0.357876456688409509775201D+00
   21 0.300287606335331939530246D+00   22 0.241581666447798703846733D+00
   23 0.181977026957077545323999D+00   24 0.121695421018888766963820D+00
   25 0.609611001505787247342002D-01
